# YOLOv5 Hyperparameter Evolution Results
# Best generation: 37
# Last generation: 179
#    metrics/precision,       metrics/recall,      metrics/mAP_0.5, metrics/mAP_0.5:0.95,         val/box_loss,         val/obj_loss,         val/cls_loss
#              0.73107,              0.48825,              0.55134,                0.306,             0.067376,              0.10343,             0.017294

lr0: 0.00983
lrf: 0.01077
momentum: 0.9099
weight_decay: 0.00048
warmup_epochs: 3.6624
warmup_momentum: 0.92158
warmup_bias_lr: 0.09929
box: 0.05092
cls: 0.5
cls_pw: 1.2224
obj: 0.8476
obj_pw: 1.8233
iou_t: 0.2
anchor_t: 3.9153
fl_gamma: 0.0
hsv_h: 0.01293
hsv_s: 0.61829
hsv_v: 0.34502
degrees: 0.0
translate: 0.10786
scale: 0.54548
shear: 0.0
perspective: 0.0
flipud: 0.0
fliplr: 0.5
mosaic: 0.92415
mixup: 0.0
copy_paste: 0.0
anchors: 3.2452
